Freq.	V(out)
1.00000000000000e+000	7.45432573287766e+001,-7.23267155788330e+000
1.02329299228075e+000	7.45093501068508e+001,-7.39765459513356e+000
1.04712854805090e+000	7.44738791152652e+001,-7.56623475817105e+000
1.07151930523761e+000	7.44367739025939e+001,-7.73847868734057e+000
1.09647819614318e+000	7.43979610022923e+001,-7.91445340074185e+000
1.12201845430196e+000	7.43573638188419e+001,-8.09422622517715e+000
1.14815362149688e+000	7.43149025111198e+001,-8.27786472064918e+000
1.17489755493953e+000	7.42704938730664e+001,-8.46543659799358e+000
1.20226443461741e+000	7.42240512116725e+001,-8.65700962919113e+000
1.23026877081238e+000	7.41754842226138e+001,-8.85265154994732e+000
1.25892541179417e+000	7.41246988634853e+001,-9.05242995402338e+000
1.28824955169313e+000	7.40715972249848e+001,-9.25641217885689e+000
1.31825673855641e+000	7.40160774002053e+001,-9.46466518194985e+000
1.34896288259165e+000	7.39580333523128e+001,-9.67725540749466e+000
1.38038426460288e+000	7.38973547808978e+001,-9.89424864268844e+000
1.41253754462275e+000	7.38339269873822e+001,-1.01157098631778e+001
1.44543977074593e+000	7.37676307398592e+001,-1.03417030670527e+001
1.47910838816821e+000	7.36983421377473e+001,-1.05722910967745e+001
1.51356124843621e+000	7.36259324768926e+001,-1.08075354484690e+001
1.54881661891248e+000	7.35502681155155e+001,-1.10474960679209e+001
1.58489319246111e+000	7.34712103417190e+001,-1.12922311326702e+001
1.62181009735893e+000	7.33886152432584e+001,-1.15417968195827e+001
1.65958690743756e+000	7.33023335802040e+001,-1.17962470572240e+001
1.69824365246174e+000	7.32122106615195e+001,-1.20556332624602e+001
1.73780082874937e+000	7.31180862262869e+001,-1.23200040606061e+001
1.77827941003892e+000	7.30197943307031e+001,-1.25894049885476e+001
1.81970085860998e+000	7.29171632419448e+001,-1.28638781802426e+001
1.86208713666287e+000	7.28100153399362e+001,-1.31434620339862e+001
1.90546071796325e+000	7.26981670285914e+001,-1.34281908609935e+001
1.94984459975804e+000	7.25814286576322e+001,-1.37180945147129e+001
1.99526231496888e+000	7.24596044567213e+001,-1.40131980005020e+001
2.04173794466953e+000	7.23324924834093e+001,-1.43135210652495e+001
2.08929613085404e+000	7.21998845866880e+001,-1.46190777666530e+001
2.13796208950223e+000	7.20615663879808e+001,-1.49298760219240e+001
2.18776162394955e+000	7.19173172816159e+001,-1.52459171358280e+001
2.23872113856834e+000	7.17669104568153e+001,-1.55671953080276e+001
2.29086765276777e+000	7.16101129434925e+001,-1.58936971198812e+001
2.34422881531992e+000	7.14466856841904e+001,-1.62254010009748e+001
2.39883291901949e+000	7.12763836346229e+001,-1.65622766758229e+001
2.45470891568503e+000	7.10989558954616e+001,-1.69042845914065e+001
2.51188643150958e+000	7.09141458779981e+001,-1.72513753263555e+001
2.57039578276886e+000	7.07216915065470e+001,-1.76034889828925e+001
2.63026799189538e+000	7.05213254604125e+001,-1.79605545628315e+001
2.69153480392691e+000	7.03127754584416e+001,-1.83224893292707e+001
2.75422870333816e+000	7.00957645891767e+001,-1.86891981558895e+001
2.81838293126445e+000	6.98700116895997e+001,-1.90605728660431e+001
2.88403150312660e+000	6.96352317756307e+001,-1.94364915642909e+001
2.95120922666638e+000	6.93911365273693e+001,-1.98168179632751e+001
3.01995172040201e+000	6.91374348321386e+001,-2.02014007093267e+001
3.09029543251359e+000	6.88738333882204e+001,-2.05900727105428e+001
3.16227766016837e+000	6.86000373720583e+001,-2.09826504715162e+001
3.23593656929628e+000	6.83157511717031e+001,-2.13789334394576e+001
3.31131121482591e+000	6.80206791886781e+001,-2.17787033666692e+001
3.38844156139202e+000	6.77145267106499e+001,-2.21817236951256e+001
3.46736850452531e+000	6.73970008564909e+001,-2.25877389690664e+001
3.54813389233575e+000	6.70678115953087e+001,-2.29964742822603e+001
3.63078054770101e+000	6.67266728402451e+001,-2.34076347668469e+001
3.71535229097172e+000	6.63733036175737e+001,-2.38209051312985e+001
3.80189396320560e+000	6.60074293106770e+001,-2.42359492552197e+001
3.89045144994280e+000	6.56287829782512e+001,-2.46524098494392e+001
3.98107170553496e+000	6.52371067448479e+001,-2.50699081898268e+001
4.07380277804112e+000	6.48321532613236e+001,-2.54880439337931e+001
4.16869383470335e+000	6.44136872317563e+001,-2.59063950285716e+001
4.26579518801592e+000	6.39814870023548e+001,-2.63245177204880e+001
4.36515832240165e+000	6.35353462068846e+001,-2.67419466745077e+001
4.46683592150962e+000	6.30750754619595e+001,-2.71581952132263e+001
4.57088189614874e+000	6.26005041044201e+001,-2.75727556843314e+001
4.67735141287197e+000	6.21114819617740e+001,-2.79850999651805e+001
4.78630092322637e+000	6.16078811454609e+001,-2.83946801127136e+001
4.89778819368445e+000	6.10895978554098e+001,-2.88009291662021e+001
5.01187233627271e+000	6.05565541831748e+001,-2.92032621096061e+001
5.12861383991364e+000	6.00086998997006e+001,-2.96010769992926e+001
5.24807460249771e+000	5.94460142126273e+001,-2.99937562616922e+001
5.37031796370252e+000	5.88685074769459e+001,-3.03806681641107e+001
5.49540873857623e+000	5.82762228419513e+001,-3.07611684604661e+001
5.62341325190348e+000	5.76692378164541e+001,-3.11346022118255e+001
5.75439937337156e+000	5.70476657337705e+001,-3.15003057799952e+001
5.88843655355588e+000	5.64116570973545e+001,-3.18576089901318e+001
6.02559586074356e+000	5.57614007878454e+001,-3.22058374563764e+001
6.16595001861481e+000	5.50971251122558e+001,-3.25443150621313e+001
6.30957344480192e+000	5.44190986763650e+001,-3.28723665843349e+001
6.45654229034654e+000	5.37276310619057e+001,-3.31893204485674e+001
6.60693448007594e+000	5.30230732911851e+001,-3.34945115996777e+001
6.76082975391980e+000	5.23058180628281e+001,-3.37872844699355e+001
6.91830970918935e+000	5.15762997440826e+001,-3.40669960247958e+001
7.07945784384136e+000	5.08349941068706e+001,-3.43330188639366e+001
7.24435960074988e+000	5.00824177970846e+001,-3.45847443534968e+001
7.41310241300916e+000	4.93191275290944e+001,-3.48215857636464e+001
7.58577575029182e+000	4.85457190002072e+001,-3.50429813841637e+001
7.76247116628690e+000	4.77628255228957e+001,-3.52483975897095e+001
7.94328234724279e+000	4.69711163757890e+001,-3.54373318256539e+001
8.12830516164097e+000	4.61712948778055e+001,-3.56093154850482e+001
8.31763771102669e+000	4.53640961933052e+001,-3.57639166475096e+001
8.51138038202374e+000	4.45502848795461e+001,-3.59007426511701e+001
8.70963589956078e+000	4.37306521913079e+001,-3.60194424701521e+001
8.91250938133743e+000	4.29060131607692e+001,-3.61197088712909e+001
9.12010839355907e+000	4.20772034740038e+001,-3.62012803258681e+001
9.33254300796988e+000	4.12450761683490e+001,-3.62639426545944e+001
9.54992586021433e+000	4.04104981775397e+001,-3.63075303866239e+001
9.77237220955808e+000	3.95743467537968e+001,-3.63319278167957e+001
9.99999999999997e+000	3.87375057978916e+001,-3.63370697484614e+001
1.02329299228075e+001	3.79008621296256e+001,-3.63229419131258e+001
1.04712854805090e+001	3.70653017320769e+001,-3.62895810618046e+001
1.07151930523760e+001	3.62317060033684e+001,-3.62370747270646e+001
1.09647819614318e+001	3.54009480495915e+001,-3.61655606585616e+001
1.12201845430196e+001	3.45738890518946e+001,-3.60752259388243e+001
1.14815362149688e+001	3.37513747396042e+001,-3.59663057898148e+001
1.17489755493953e+001	3.29342319996417e+001,-3.58390820843479e+001
1.20226443461741e+001	3.21232656504398e+001,-3.56938815797307e+001
1.23026877081238e+001	3.13192554061351e+001,-3.55310738940009e+001
1.25892541179416e+001	3.05229530540220e+001,-3.53510692477168e+001
1.28824955169313e+001	2.97350798652089e+001,-3.51543159964693e+001
1.31825673855640e+001	2.89563242551488e+001,-3.49412979810029e+001
1.34896288259165e+001	2.81873397073052e+001,-3.47125317231712e+001
1.38038426460288e+001	2.74287429697503e+001,-3.44685634967487e+001
1.41253754462275e+001	2.66811125309781e+001,-3.42099663024985e+001
1.44543977074592e+001	2.59449873778147e+001,-3.39373367768256e+001
1.47910838816820e+001	2.52208660349714e+001,-3.36512920628444e+001
1.51356124843620e+001	2.45092058826582e+001,-3.33524666717686e+001
1.54881661891248e+001	2.38104227457468e+001,-3.30415093613288e+001
1.58489319246111e+001	2.31248907452973e+001,-3.27190800563549e+001
1.62181009735892e+001	2.24529424008915e+001,-3.23858468348028e+001
1.65958690743755e+001	2.17948689701317e+001,-3.20424830005447e+001
1.69824365246174e+001	2.11509210099332e+001,-3.16896642619705e+001
1.73780082874937e+001	2.05213091427871e+001,-3.13280660332133e+001
1.77827941003892e+001	1.99062050101215e+001,-3.09583608723726e+001
1.81970085860998e+001	1.93057423940811e+001,-3.05812160687630e+001
1.86208713666286e+001	1.87200184886124e+001,-3.01972913888126e+001
1.90546071796324e+001	1.81490953005543e+001,-2.98072369879308e+001
1.94984459975804e+001	1.75930011615199e+001,-2.94116914934591e+001
1.99526231496887e+001	1.70517323317200e+001,-2.90112802616650e+001
2.04173794466952e+001	1.65252546773767e+001,-2.86066138098567e+001
2.08929613085403e+001	1.60135054041678e+001,-2.81982864227840e+001
2.13796208950222e+001	1.55163948299600e+001,-2.77868749309776e+001
2.18776162394954e+001	1.50338081811586e+001,-2.73729376571278e+001
2.23872113856833e+001	1.45656073980712e+001,-2.69570135253894e+001
2.29086765276776e+001	1.41116329358749e+001,-2.65396213273974e+001
2.34422881531991e+001	1.36717055489961e+001,-2.61212591378706e+001
2.39883291901948e+001	1.32456280479614e+001,-2.57024038719493e+001
2.45470891568502e+001	1.28331870190066e+001,-2.52835109758562e+001
2.51188643150957e+001	1.24341544979955e+001,-2.48650142420257e+001
2.57039578276885e+001	1.20482895913516e+001,-2.44473257396337e+001
2.63026799189537e+001	1.16753400379047e+001,-2.40308358512528e+001
2.69153480392690e+001	1.13150437066149e+001,-2.36159134063924e+001
2.75422870333815e+001	1.09671300261968e+001,-2.32029059027317e+001
2.81838293126444e+001	1.06313213436086e+001,-2.27921398060344e+001
2.88403150312659e+001	1.03073342092722e+001,-2.23839209199882e+001
2.95120922666637e+001	9.99488058770205e+000,-2.19785348175014e+001
3.01995172040200e+001	9.69366899294615e+000,-2.15762473253812e+001
3.09029543251358e+001	9.40340554889997e+000,-2.11773050547066e+001
3.16227766016837e+001	9.12379497514887e+000,-2.07819359696343e+001
3.23593656929627e+001	8.85454149947822e+000,-2.03903499878609e+001
3.31131121482590e+001	8.59534969864949e+000,-2.00027396064000e+001
3.38844156139201e+001	8.34592526939029e+000,-1.96192805468437e+001
3.46736850452530e+001	8.10597573187388e+000,-1.92401324147174e+001
3.54813389233574e+001	7.87521106819846e+000,-1.88654393680368e+001
3.63078054770100e+001	7.65334429858208e+000,-1.84953307906088e+001
3.71535229097171e+001	7.44009199813468e+000,-1.81299219660838e+001
3.80189396320559e+001	7.23517475717665e+000,-1.77693147491709e+001
3.89045144994279e+001	7.03831758813585e+000,-1.74135982308538e+001
3.98107170553495e+001	6.84925028209199e+000,-1.70628493948164e+001
4.07380277804111e+001	6.66770771803492e+000,-1.67171337626532e+001
4.16869383470333e+001	6.49343012787914e+000,-1.63765060257808e+001
4.26579518801591e+001	6.32616332023732e+000,-1.60410106622716e+001
4.36515832240164e+001	6.16565886587453e+000,-1.57106825371357e+001
4.46683592150961e+001	6.01167424770228e+000,-1.53855474848280e+001
4.57088189614873e+001	5.86397297806463e+000,-1.50656228730097e+001
4.67735141287196e+001	5.72232468596638e+000,-1.47509181468166e+001
4.78630092322636e+001	5.58650517678613e+000,-1.44414353530775e+001
4.89778819368444e+001	5.45629646689586e+000,-1.41371696441129e+001
5.01187233627270e+001	5.33148679548810e+000,-1.38381097609022e+001
5.12861383991362e+001	5.21187061578902e+000,-1.35442384955468e+001
5.24807460249770e+001	5.09724856771083e+000,-1.32555331330841e+001
5.37031796370250e+001	4.98742743387487e+000,-1.29719658728176e+001
5.49540873857622e+001	4.88222008081486e+000,-1.26935042294152e+001
5.62341325190346e+001	4.78144538704676e+000,-1.24201114141207e+001
5.75439937337154e+001	4.68492815958160e+000,-1.21517466964796e+001
5.88843655355586e+001	4.59249904033761e+000,-1.18883657470482e+001
6.02559586074355e+001	4.50399440380620e+000,-1.16299209615936e+001
6.16595001861479e+001	4.41925624721697e+000,-1.13763617673373e+001
6.30957344480190e+001	4.33813207434907e+000,-1.11276349118210e+001
6.45654229034652e+001	4.26047477404317e+000,-1.08836847349945e+001
6.60693448007593e+001	4.18614249437634e+000,-1.06444534251463e+001
6.76082975391978e+001	4.11499851337839e+000,-1.04098812593034e+001
6.91830970918933e+001	4.04691110708667e+000,-1.01799068287333e+001
7.07945784384134e+001	3.98175341566595e+000,-9.95446725018143e+000
7.24435960074986e+001	3.91940330824319e+000,-9.73349836347570e+000
7.41310241300914e+001	3.85974324704818e+000,-9.51693491611940e+000
7.58577575029180e+001	3.80266015138406e+000,-9.30471073549030e+000
7.76247116628688e+001	3.74804526189969e+000,-9.09675888924544e+000
7.94328234724277e+001	3.69579400558111e+000,-8.89301183452191e+000
8.12830516164095e+001	3.64580586183069e+000,-8.69340155650910e+000
8.31763771102667e+001	3.59798422995870e+000,-8.49785969694541e+000
8.51138038202372e+001	3.55223629837012e+000,-8.30631767308302e+000
8.70963589956076e+001	3.50847291569311e+000,-8.11870678763968e+000
8.91250938133741e+001	3.46660846405751e+000,-7.93495833024022e+000
9.12010839355905e+001	3.42656073470523e+000,-7.75500367083038e+000
9.33254300796986e+001	3.38825080608106e+000,-7.57877434552731e+000
9.54992586021431e+001	3.35160292452799e+000,-7.40620213534975e+000
9.77237220955805e+001	3.31654438768794e+000,-7.23721913825333e+000
9.99999999999995e+001	3.28300543068633e+000,-7.07175783487570e+000
1.02329299228075e+002	3.25091911515955e+000,-6.90975114837879e+000
1.04712854805089e+002	3.22022122116724e+000,-6.75113249875562e+000
1.07151930523760e+002	3.19085014201591e+000,-6.59583585195135e+000
1.09647819614318e+002	3.16274678200529e+000,-6.44379576413229e+000
1.12201845430196e+002	3.13585445709781e+000,-6.29494742141561e+000
1.14815362149688e+002	3.11011879849868e+000,-6.14922667536042e+000
1.17489755493952e+002	3.08548765912681e+000,-6.00657007450195e+000
1.20226443461741e+002	3.06191102294467e+000,-5.86691489219565e+000
1.23026877081237e+002	3.03934091711115e+000,-5.73019915102414e+000
1.25892541179416e+002	3.01773132691272e+000,-5.59636164400465e+000
1.28824955169313e+002	2.99703811342233e+000,-5.46534195282203e+000
1.31825673855640e+002	2.97721893383320e+000,-5.33708046329787e+000
1.34896288259165e+002	2.95823316440557e+000,-5.21151837829560e+000
1.38038426460288e+002	2.94004182596731e+000,-5.08859772824824e+000
1.41253754462275e+002	2.92260751189999e+000,-4.96826137948505e+000
1.44543977074592e+002	2.90589431854475e+000,-4.85045304052183e+000
1.47910838816820e+002	2.88986777795678e+000,-4.73511726646997e+000
1.51356124843620e+002	2.87449479293783e+000,-4.62219946170981e+000
1.54881661891247e+002	2.85974357427418e+000,-4.51164588096389e+000
1.58489319246110e+002	2.84558358010660e+000,-4.40340362889814e+000
1.62181009735892e+002	2.83198545735901e+000,-4.29742065836922e+000
1.65958690743755e+002	2.81892098515160e+000,-4.19364576743107e+000
1.69824365246173e+002	2.80636302012377e+000,-4.09202859520291e+000
1.73780082874936e+002	2.79428544359448e+000,-3.99251961669744e+000
1.77827941003891e+002	2.78266311048485e+000,-3.89507013669862e+000
1.81970085860997e+002	2.77147179993108e+000,-3.79963228277478e+000
1.86208713666286e+002	2.76068816751464e+000,-3.70615899750466e+000
1.90546071796323e+002	2.75028969903790e+000,-3.61460402999058e+000
1.94984459975803e+002	2.74025466577457e+000,-3.52492192672595e+000
1.99526231496887e+002	2.73056208112418e+000,-3.43706802188103e+000
2.04173794466952e+002	2.72119165860166e+000,-3.35099842706572e+000
2.08929613085403e+002	2.71212377109303e+000,-3.26667002062359e+000
2.13796208950222e+002	2.70333941131036e+000,-3.18404043650773e+000
2.18776162394954e+002	2.69482015337859e+000,-3.10306805278524e+000
2.23872113856832e+002	2.68654811548887e+000,-3.02371197981376e+000
2.29086765276776e+002	2.67850592355377e+000,-2.94593204812962e+000
2.34422881531991e+002	2.67067667579967e+000,-2.86968879608477e+000
2.39883291901947e+002	2.66304390823421e+000,-2.79494345726622e+000
2.45470891568501e+002	2.65559156092550e+000,-2.72165794772945e+000
2.51188643150956e+002	2.64830394503242e+000,-2.64979485307424e+000
2.57039578276885e+002	2.64116571052458e+000,-2.57931741538946e+000
2.63026799189536e+002	2.63416181453197e+000,-2.51018952009075e+000
2.69153480392690e+002	2.62727749026499e+000,-2.44237568267326e+000
2.75422870333815e+002	2.62049821644545e+000,-2.37584103539938e+000
2.81838293126443e+002	2.61380968719018e+000,-2.31055131393953e+000
2.88403150312659e+002	2.60719778228895e+000,-2.24647284398314e+000
2.95120922666637e+002	2.60064853781947e+000,-2.18357252783409e+000
3.01995172040200e+002	2.59414811704066e+000,-2.12181783100448e+000
3.09029543251357e+002	2.58768278150803e+000,-2.06117676881838e+000
3.16227766016836e+002	2.58123886235313e+000,-2.00161789303713e+000
3.23593656929626e+002	2.57480273166945e+000,-1.94311027851452e+000
3.31131121482589e+002	2.56836077394796e+000,-1.88562350989127e+000
3.38844156139200e+002	2.56189935750402e+000,-1.82912766833563e+000
3.46736850452529e+002	2.55540480583779e+000,-1.77359331833656e+000
3.54813389233573e+002	2.54886336886975e+000,-1.71899149455466e+000
3.63078054770099e+002	2.54226119399232e+000,-1.66529368873558e+000
3.71535229097170e+002	2.53558429687793e+000,-1.61247183668960e+000
3.80189396320558e+002	2.52881853198357e+000,-1.56049830533982e+000
3.89045144994278e+002	2.52194956268989e+000,-1.50934587984168e+000
3.98107170553494e+002	2.51496283101392e+000,-1.45898775077495e+000
4.07380277804110e+002	2.50784352683080e+000,-1.40939750140872e+000
4.16869383470332e+002	2.50057655654129e+000,-1.36054909504032e+000
4.26579518801589e+002	2.49314651111847e+000,-1.31241686240693e+000
4.36515832240163e+002	2.48553763346700e+000,-1.26497548916942e+000
4.46683592150960e+002	2.47773378502522e+000,-1.21820000346666e+000
4.57088189614872e+002	2.46971841154063e+000,-1.17206576353838e+000
4.67735141287195e+002	2.46147450794509e+000,-1.12654844541410e+000
4.78630092322635e+002	2.45298458225568e+000,-1.08162403066483e+000
4.89778819368443e+002	2.44423061842463e+000,-1.03726879421457e+000
5.01187233627268e+002	2.43519403805845e+000,-9.93459292207179e-001
5.12861383991361e+002	2.42585566092501e+000,-9.50172349924553e-001
5.24807460249769e+002	2.41619566416387e+000,-9.07385049751318e-001
5.37031796370249e+002	2.40619354011269e+000,-8.65074719180632e-001
5.49540873857620e+002	2.39582805265852e+000,-8.23218918855570e-001
5.62341325190345e+002	2.38507719202109e+000,-7.81795430639958e-001
5.75439937337152e+002	2.37391812786980e+000,-7.40782245712174e-001
5.88843655355584e+002	2.36232716067392e+000,-7.00157552674851e-001
6.02559586074353e+002	2.35027967118051e+000,-6.59899725673295e-001
6.16595001861477e+002	2.33775006791104e+000,-6.19987312514383e-001
6.30957344480188e+002	2.32471173256276e+000,-5.80399022778084e-001
6.45654229034650e+002	2.31113696319626e+000,-5.41113715912410e-001
6.60693448007591e+002	2.29699691508599e+000,-5.02110389302691e-001
6.76082975391976e+002	2.28226153910475e+000,-4.63368166305226e-001
6.91830970918931e+002	2.26689951750769e+000,-4.24866284235094e-001
7.07945784384132e+002	2.25087819697581e+000,-3.86584082297076e-001
7.24435960074984e+002	2.23416351877219e+000,-3.48500989448081e-001
7.41310241300911e+002	2.21671994585816e+000,-3.10596512179195e-001
7.58577575029177e+002	2.19851038680888e+000,-2.72850222204220e-001
7.76247116628685e+002	2.17949611636140e+000,-2.35241744041331e-001
7.94328234724275e+002	2.15963669241982e+000,-1.97750742473649e-001
8.12830516164092e+002	2.13888986933421e+000,-1.60356909873572e-001
8.31763771102664e+002	2.11721150726150e+000,-1.23039953374914e-001
8.51138038202369e+002	2.09455547740722e+000,-8.57795818763952e-002
8.70963589956073e+002	2.07087356293736e+000,-4.85554928582750e-002
8.91250938133738e+002	2.04611535533960e+000,-1.13473589938427e-002
9.12010839355902e+002	2.02022814600273e+000,2.58651854643576e-002
9.33254300796983e+002	1.99315681277105e+000,6.31025585444439e-002
9.54992586021428e+002	1.96484370121918e+000,1.00385244683329e-001
9.77237220955802e+002	1.93522850038052e+000,1.37733809146929e-001
9.99999999999991e+002	1.90424811264823e+000,1.75168912767020e-001
1.02329299228075e+003	1.87183651755466e+000,2.12711327021537e-001
1.04712854805089e+003	1.83792462911956e+000,2.50381949486048e-001
1.07151930523760e+003	1.80244014644265e+000,2.88201819686527e-001
1.09647819614318e+003	1.76530739719869e+000,3.26192135385015e-001
1.12201845430195e+003	1.72644717367620e+000,3.64374269331642e-001
1.14815362149687e+003	1.68577656098301e+000,4.02769786519150e-001
1.17489755493952e+003	1.64320875702105e+000,4.41400461977819e-001
1.20226443461740e+003	1.59865288381379e+000,4.80288299151312e-001
1.23026877081237e+003	1.55201378974652e+000,5.19455548897012e-001
1.25892541179416e+003	1.50319184225760e+000,5.58924729156374e-001
1.28824955169312e+003	1.45208271049355e+000,5.98718645344888e-001
1.31825673855640e+003	1.39857713741589e+000,6.38860411513825e-001
1.34896288259164e+003	1.34256070081927e+000,6.79373472339602e-001
1.38038426460287e+003	1.28391356269238e+000,7.20281626000566e-001
1.41253754462274e+003	1.22251020632125e+000,7.61609048005019e-001
1.44543977074591e+003	1.15821916050302e+000,8.03380316038096e-001
1.47910838816819e+003	1.09090271020281e+000,8.45620435901251e-001
1.51356124843619e+003	1.02041659294972e+000,8.88354868620951e-001
1.54881661891247e+003	9.46609680229526e-001,9.31609558811056e-001
1.58489319246110e+003	8.69323643088570e-001,9.75410964376980e-001
1.62181009735891e+003	7.88392601121717e-001,1.01978608765776e+000
1.65958690743754e+003	7.03642753967523e-001,1.06476250810764e+000
1.69824365246173e+003	6.14891994385936e-001,1.11036841662693e+000
1.73780082874936e+003	5.21949501939943e-001,1.15663265165924e+000
1.77827941003891e+003	4.24615316245196e-001,1.20358473718052e+000
1.81970085860997e+003	3.22679888693200e-001,1.25125492271530e+000
1.86208713666285e+003	2.15923611486623e-001,1.29967422552378e+000
1.90546071796323e+003	1.04116322759255e-001,1.34887447511578e+000
1.94984459975803e+003	-1.29832135219997e-002,1.39888836025714e+000
1.99526231496886e+003	-1.35627854253686e-001,1.44974947864804e+000
2.04173794466951e+003	-2.64082651954779e-001,1.50149238946448e+000
2.08929613085402e+003	-3.98625459141953e-001,1.55415266896982e+000
2.13796208950221e+003	-5.39547563971111e-001,1.60776696941757e+000
2.18776162394953e+003	-6.87154358897221e-001,1.66237308148350e+000
2.23872113856832e+003	-8.41766044215432e-001,1.71801000048397e+000
2.29086765276775e+003	-1.00371836846394e+000,1.77471799665547e+000
2.34422881531990e+003	-1.17336340779581e+000,1.83253868979226e+000
2.39883291901947e+003	-1.35107038656325e+000,1.89151512856157e+000
2.45470891568501e+003	-1.53722654150387e+000,1.95169187483955e+000
2.51188643150955e+003	-1.73223803207664e+000,2.01311509343963e+000
2.57039578276884e+003	-1.93653089966160e+000,2.07583264763104e+000
2.63026799189535e+003	-2.15055207852457e+000,2.13989420087874e+000
2.69153480392689e+003	-2.37477046163917e+000,2.20535132526925e+000
2.75422870333814e+003	-2.60967802467347e+000,2.27225761712144e+000
2.81838293126442e+003	-2.85579101167779e+000,2.34066882032475e+000
2.88403150312658e+003	-3.11365118625302e+000,2.41064295798698e+000
2.95120922666635e+003	-3.38382715225181e+000,2.48224047302247e+000
3.01995172040198e+003	-3.66691574834672e+000,2.55552437836176e+000
3.09029543251356e+003	-3.96354352111906e+000,2.63056041751933e+000
3.16227766016835e+003	-4.27436828165436e+000,2.70741723631575e+000
3.23593656929625e+003	-4.60008075100235e+000,2.78616656661606e+000
3.31131121482588e+003	-4.94140630025462e+000,2.86688342301840e+000
3.38844156139199e+003	-5.29910679142696e+000,2.94964631350228e+000
3.46736850452528e+003	-5.67398252580397e+000,3.03453746513414e+000
3.54813389233572e+003	-6.06687430691297e+000,3.12164306601521e+000
3.63078054770097e+003	-6.47866562585330e+000,3.21105352476301e+000
3.71535229097168e+003	-6.91028497731169e+000,3.30286374892470e+000
3.80189396320557e+003	-7.36270831525584e+000,3.39717344383926e+000
3.89045144994276e+003	-7.83696165802081e+000,3.49408743360399e+000
3.98107170553493e+003	-8.33412385329054e+000,3.59371600593693e+000
4.07380277804108e+003	-8.85532951433592e+000,3.69617528289163e+000
4.16869383470331e+003	-9.40177213981925e+000,3.80158761954868e+000
4.26579518801588e+003	-9.97470743049677e+000,3.91008203300603e+000
4.36515832240161e+003	-1.05754568172972e+001,4.02179466419038e+000
4.46683592150958e+003	-1.12054112164752e+001,4.13686927525074e+000
4.57088189614870e+003	-1.18660350289189e+001,4.25545778554046e+000
4.67735141287193e+003	-1.25588704021810e+001,4.37772084948283e+000
4.78630092322633e+003	-1.32855417754394e+001,4.50382847991031e+000
4.89778819368441e+003	-1.40477607294266e+001,4.63396072082057e+000
5.01187233627267e+003	-1.48473311653456e+001,4.76830837385616e+000
5.12861383991359e+003	-1.56861548390036e+001,4.90707378323652e+000
5.24807460249767e+003	-1.65662372788293e+001,5.05047168432669e+000
5.37031796370247e+003	-1.74896941191181e+001,5.19873012153947e+000
5.49540873857618e+003	-1.84587578828400e+001,5.35209144182987e+000
5.62341325190343e+003	-1.94757852516279e+001,5.51081337066078e+000
5.75439937337150e+003	-2.05432648642225e+001,5.67517017803719e+000
5.88843655355582e+003	-2.16638256887026e+001,5.84545394295221e+000
6.02559586074351e+003	-2.28402460183473e+001,6.02197592548266e+000
6.16595001861475e+003	-2.40754631459543e+001,6.20506805671077e+000
6.30957344480186e+003	-2.53725837770706e+001,6.39508455774979e+000
6.45654229034648e+003	-2.67348952487580e+001,6.59240370033868e+000
6.60693448007588e+003	-2.81658776275032e+001,6.79742972282983e+000
6.76082975391974e+003	-2.96692167676183e+001,7.01059491691062e+000
6.91830970918928e+003	-3.12488184201595e+001,7.23236190209044e+000
7.07945784384129e+003	-3.29088234921627e+001,7.46322610691811e+000
7.24435960074981e+003	-3.46536245668142e+001,7.70371847800980e+000
7.41310241300908e+003	-3.64878838075466e+001,7.95440844044864e+000
7.58577575029174e+003	-3.84165523827533e+001,8.21590713581153e+000
7.76247116628682e+003	-4.04448915633856e+001,8.48887096721941e+000
7.94328234724272e+003	-4.25784956631965e+001,8.77400548428817e+000
8.12830516164089e+003	-4.48233170111995e+001,9.07206964488821e+000
8.31763771102661e+003	-4.71856931682807e+001,9.38388049510808e+000
8.51138038202366e+003	-4.96723766252859e+001,9.71031831400926e+000
8.70963589956070e+003	-5.22905672487578e+001,1.00523322756601e+001
8.91250938133734e+003	-5.50479477729697e+001,1.04109466875816e+001
9.12010839355898e+003	-5.79527226746555e+001,1.07872678725578e+001
9.33254300796979e+003	-6.10136608087616e+001,1.11824917694674e+001
9.54992586021424e+003	-6.42401422326113e+001,1.15979123390019e+001
9.77237220955798e+003	-6.76422097011726e+001,1.20349308717670e+001
9.99999999999987e+003	-7.12306253800648e+001,1.24950663097515e+001
1.02329299228074e+004	-7.50169333960856e+001,1.29799667076513e+001
1.04712854805089e+004	-7.90135289296100e+001,1.34914219785979e+001
1.07151930523759e+004	-8.32337346503411e+001,1.40313780896942e+001
1.09647819614317e+004	-8.76918854108080e+001,1.46019528971487e+001
1.12201845430195e+004	-9.24034222420758e+001,1.52054538390585e+001
1.14815362149687e+004	-9.73849968478720e+001,1.58443977371768e+001
1.17489755493951e+004	-1.02654587970053e+002,1.65215329977041e+001
1.20226443461740e+004	-1.08231631203311e+002,1.72398645468892e+001
1.23026877081237e+004	-1.14137164079015e+002,1.80026818909286e+001
1.25892541179415e+004	-1.20393988519289e+002,1.88135907532427e+001
1.28824955169312e+004	-1.27026853096022e+002,1.96765488172009e+001
1.31825673855639e+004	-1.34062657919793e+002,2.05959061921785e+001
1.34896288259164e+004	-1.41530685448459e+002,2.15764513268074e+001
1.38038426460287e+004	-1.49462861053366e+002,2.26234632210735e+001
1.41253754462274e+004	-1.57894047836090e+002,2.37427709413777e+001
1.44543977074591e+004	-1.66862380969120e+002,2.49408216267319e+001
1.47910838816819e+004	-1.76409647768096e+002,2.62247583960123e+001
1.51356124843619e+004	-1.86581720826488e+002,2.76025098358012e+001
1.54881661891246e+004	-1.97429052900282e+002,2.90828930754527e+001
1.58489319246109e+004	-2.09007243868223e+002,3.06757328572172e+001
1.62181009735891e+004	-2.21377692087178e+002,3.23919994993092e+001
1.65958690743754e+004	-2.34608344896527e+002,3.42439692565792e+001
1.69824365246172e+004	-2.48774566001847e+002,3.62454113319433e+001
1.73780082874935e+004	-2.63960141142313e+002,3.84118067256496e+001
1.77827941003890e+004	-2.80258447977019e+002,4.07606052734836e+001
1.81970085860996e+004	-2.97773821766433e+002,4.33115286933252e+001
1.86208713666284e+004	-3.16623155462351e+002,4.60869293092783e+001
1.90546071796322e+004	-3.36937781657708e+002,4.91122164792111e+001
1.94984459975802e+004	-3.58865695008401e+002,5.24163657621669e+001
1.99526231496885e+004	-3.82574187908642e+002,5.60325297401165e+001
2.04173794466950e+004	-4.08252990310932e+002,5.99987744321098e+001
2.08929613085401e+004	-4.36118027883581e+002,6.43589717995125e+001
2.13796208950220e+004	-4.66415942860315e+002,6.91638874669667e+001
2.18776162394952e+004	-4.99429561318380e+002,7.44725142254032e+001
2.23872113856831e+004	-5.35484542367769e+002,8.03537171796233e+001
2.29086765276774e+004	-5.74957513385835e+002,8.68882770549459e+001
2.34422881531989e+004	-6.18286087187552e+002,9.41714463095998e+001
2.39883291901946e+004	-6.65981280957666e+002,1.02316171445117e+002
2.45470891568500e+004	-7.18643025719150e+002,1.11457188853682e+002
2.51188643150954e+004	-7.76979687967981e+002,1.21756277538153e+002
2.57039578276883e+004	-8.41832849773336e+002,1.33409060527596e+002
2.63026799189534e+004	-9.14209051874714e+002,1.46653903776511e+002
2.69153480392688e+004	-9.95320859847736e+002,1.61783691917269e+002
2.75422870333813e+004	-1.08664056481857e+003,1.79161604501309e+002
2.81838293126441e+004	-1.18997123303356e+003,1.99242539530494e+002
2.88403150312656e+004	-1.30754192256274e+003,2.22602641720168e+002
2.95120922666634e+004	-1.44213710143167e+003,2.49980676028519e+002
3.01995172040197e+004	-1.59727531922426e+003,2.82337066169290e+002
3.09029543251354e+004	-1.77746019531954e+003,3.20939876154939e+002
3.16227766016833e+004	-1.98853990482150e+003,3.67492934781203e+002
3.23593656929623e+004	-2.23823344352864e+003,4.24331780427534e+002
3.31131121482586e+004	-2.53692039390500e+003,4.94732338801234e+002
3.38844156139197e+004	-2.89886023963093e+003,5.83414080823021e+002
3.46736850452526e+004	-3.34413757347275e+003,6.97393454881722e+002
3.54813389233570e+004	-3.90188636145949e+003,8.47500908337330e+002
3.63078054770096e+004	-4.61588138866279e+003,1.05123306891468e+003
3.71535229097167e+004	-5.55477402984420e+003,1.33849452492552e+003
3.80189396320555e+004	-6.83210306051655e+003,1.76418408053186e+003
3.89045144994275e+004	-8.64871213295115e+003,2.43896537040639e+003
3.98107170553491e+004	-1.13921129542631e+004,3.61624062692197e+003
4.07380277804107e+004	-1.58982783936681e+004,5.99322636423159e+003
4.16869383470329e+004	-2.41960362743358e+004,1.21201926419905e+004
4.26579518801586e+004	-3.93262734121885e+004,3.66958013718215e+004
4.36515832240159e+004	3.48114249005278e+004,9.65021440211690e+004
4.46683592150956e+004	5.06481667021276e+004,1.72099721100481e+004
4.57088189614868e+004	3.33671605098111e+004,3.63812591532891e+003
4.67735141287191e+004	2.55730720043984e+004,5.40160337665515e+002
4.78630092322631e+004	2.16643048734281e+004,-5.55451242307242e+002
4.89778819368439e+004	1.96410342169107e+004,-1.07547192675205e+003
5.01187233627264e+004	1.87647622575936e+004,-1.39740189142821e+003
5.12861383991357e+004	1.87776319644781e+004,-1.65722462196799e+003
5.24807460249764e+004	1.96927694890580e+004,-1.92131475728240e+003
5.37031796370244e+004	2.18121215582008e+004,-2.23704423671794e+003
5.49540873857616e+004	2.60194908692888e+004,-2.64841525800795e+003
5.62341325190340e+004	3.50569082316529e+004,-3.13801149065278e+003
5.75439937337148e+004	6.19067982435769e+004,-2.31364724840673e+003
5.88843655355580e+004	2.47500125969814e+005,3.19696928565518e+005
6.02559586074348e+004	-5.77932030162712e+004,1.92288830474524e+004
6.16595001861472e+004	-2.66347872302932e+004,6.90766135852627e+003
6.30957344480183e+004	-1.64861381856372e+004,3.97585177333226e+003
6.45654229034645e+004	-1.15459700707643e+004,2.72099459629416e+003
6.60693448007586e+004	-8.66096683640835e+003,2.03577677161167e+003
6.76082975391971e+004	-6.78963695820716e+003,1.60797091231439e+003
6.91830970918925e+004	-5.48951317700218e+003,1.31726085948574e+003
7.07945784384127e+004	-4.54124129039949e+003,1.10783592444847e+003
7.24435960074979e+004	-3.82401119780237e+003,9.50390705645453e+002
7.41310241300906e+004	-3.26598897640236e+003,8.28104965540266e+002
7.58577575029172e+004	-2.82189374271050e+003,7.30654613589002e+002
7.76247116628679e+004	-2.46183746520646e+003,6.51361958750069e+002
7.94328234724269e+004	-2.16534300720341e+003,5.85722316076103e+002
8.12830516164086e+004	-1.91794174519496e+003,5.30590229989442e+002
8.31763771102658e+004	-1.70914196646326e+003,4.83705163064889e+002
8.51138038202363e+004	-1.53116550471507e+003,4.43402395448470e+002
8.70963589956067e+004	-1.37813458137584e+003,4.08430028008987e+002
8.91250938133731e+004	-1.24553269962458e+003,3.77829340307319e+002
9.12010839355895e+004	-1.12983792017003e+003,3.50854348582933e+002
9.33254300796976e+004	-1.02826770821756e+003,3.26916380110221e+002
9.54992586021420e+004	-9.38597829984300e+002,3.05545051255243e+002
9.77237220955795e+004	-8.59031502467014e+002,2.86360262899378e+002
9.99999999999984e+004	-7.88103332191278e+002,2.69051755283823e+002
1.02329299228074e+005	-7.24607771591548e+002,2.53363949939755e+002
1.04712854805088e+005	-6.67545135472421e+002,2.39084553792821e+002
1.07151930523759e+005	-6.16080380135522e+002,2.26035882509251e+002
1.09647819614317e+005	-5.69511283343814e+002,2.14068177485669e+002
1.12201845430195e+005	-5.27243634223943e+002,2.03054403597059e+002
1.14815362149686e+005	-4.88771709526243e+002,1.92886160002432e+002
1.17489755493951e+005	-4.53662778149581e+002,1.83470436849667e+002
1.20226443461739e+005	-4.21544704962701e+002,1.74727021409709e+002
1.23026877081236e+005	-3.92095960607790e+002,1.66586407527733e+002
1.25892541179415e+005	-3.65037514700307e+002,1.58988098568265e+002
1.28824955169311e+005	-3.40126214856089e+002,1.51879220520027e+002
1.31825673855639e+005	-3.17149346463359e+002,1.45213381444820e+002
1.34896288259163e+005	-2.95920137195865e+002,1.38949727981344e+002
1.38038426460286e+005	-2.76274022289155e+002,1.33052160536074e+002
1.41253754462273e+005	-2.58065526160130e+002,1.27488677073532e+002
1.44543977074590e+005	-2.41165646206429e+002,1.22230821736748e+002
1.47910838816818e+005	-2.25459647989267e+002,1.17253219405814e+002
1.51356124843618e+005	-2.10845199138117e+002,1.12533181078146e+002
1.54881661891246e+005	-1.97230783502934e+002,1.08050367905106e+002
1.58489319246109e+005	-1.84534348240797e+002,1.03786504041131e+002
1.62181009735890e+005	-1.72682145357335e+002,9.97251302957812e+001
1.65958690743753e+005	-1.61607736256068e+002,9.58513920389440e+001
1.69824365246172e+005	-1.51251133475008e+002,9.21518559782801e+001
1.73780082874935e+005	-1.41558058317118e+002,8.86143513660234e+001
1.77827941003889e+005	-1.32479296738941e+002,8.52278319531796e+001
1.81970085860995e+005	-1.23970138833273e+002,8.19822556236278e+001
1.86208713666284e+005	-1.15989889664352e+002,7.88684791456201e+001
1.90546071796322e+005	-1.08501441199657e+002,7.58781658893611e+001
1.94984459975801e+005	-1.01470896714776e+002,7.30037046977881e+001
1.99526231496885e+005	-9.48672403961507e+001,7.02381383799683e+001
2.04173794466949e+005	-8.86620459839968e+001,6.75751005264210e+001
2.08929613085400e+005	-8.28292192270032e+001,6.50087595402928e+001
2.13796208950220e+005	-7.73447696972558e+001,6.25337689402492e+001
2.18776162394952e+005	-7.21866081624796e+001,6.01452231249338e+001
2.23872113856830e+005	-6.73343662604473e+001,5.78386179039524e+001
2.29086765276773e+005	-6.27692356796511e+001,5.56098151957933e+001
2.34422881531988e+005	-5.84738244402634e+001,5.34550113745765e+001
2.39883291901945e+005	-5.44320281996079e+001,5.13707088164176e+001
2.45470891568499e+005	-5.06289147868878e+001,4.93536902554562e+001
2.51188643150954e+005	-4.70506204117844e+001,4.74009956092582e+001
2.57039578276882e+005	-4.36842561960355e+001,4.55099009770328e+001
2.63026799189534e+005	-4.05178238529502e+001,4.36778995509247e+001
2.69153480392687e+005	-3.75401394906431e+001,4.19026842127944e+001
2.75422870333812e+005	-3.47407646447950e+001,4.01821316166979e+001
2.81838293126440e+005	-3.21099437591688e+001,3.85142875816525e+001
2.88403150312656e+005	-2.96385474291873e+001,3.68973536402273e+001
2.95120922666633e+005	-2.73180208082595e+001,3.53296746074260e+001
3.01995172040196e+005	-2.51403366497521e+001,3.38097270505233e+001
3.09029543251354e+005	-2.30979525212025e+001,3.23361085553082e+001
3.16227766016832e+005	-2.11837717829745e+001,3.09075276971418e+001
3.23593656929623e+005	-1.93911079719765e+001,2.95227946369446e+001
3.31131121482585e+005	-1.77136522733538e+001,2.81808122727774e+001
3.38844156139197e+005	-1.61454438000774e+001,2.68805678872099e+001
3.46736850452526e+005	-1.46808424325773e+001,2.56211252393603e+001
3.54813389233569e+005	-1.33145039987683e+001,2.44016170583925e+001
3.63078054770095e+005	-1.20413575993862e+001,2.32212379024805e+001
3.71535229097166e+005	-1.08565849049354e+001,2.20792373538667e+001
3.80189396320555e+005	-9.75560126909402e+000,2.09749135266835e+001
3.89045144994274e+005	-8.73403851955170e+000,1.99076068696891e+001
3.98107170553490e+005	-7.78772930103888e+000,1.88766942510692e+001
4.07380277804106e+005	-6.91269285724968e+000,1.78815833169169e+001
4.16869383470328e+005	-6.10512214846483e+000,1.69217071190141e+001
4.26579518801585e+005	-5.36137221028351e+000,1.59965190109966e+001
4.36515832240158e+005	-4.67794966609843e+000,1.51054878149800e+001
4.46683592150955e+005	-4.05150331197376e+000,1.42480932632188e+001
4.57088189614867e+005	-3.47881569757216e+000,1.34238217213225e+001
4.67735141287190e+005	-2.95679563088281e+000,1.26321622010330e+001
4.78630092322630e+005	-2.48247153783527e+000,1.18726026715115e+001
4.89778819368438e+005	-2.05298561060748e+000,1.11446266785303e+001
5.01187233627263e+005	-1.66558868065898e+000,1.04477102809274e+001
5.12861383991356e+005	-1.31763575435425e+000,9.78131931314659e+000
5.24807460249763e+005	-1.00658215061536e+000,9.14490698171920e+000
5.37031796370243e+005	-7.29980181418443e-001,8.53791180214770e+000
5.49540873857615e+005	-4.85476317285981e-001,7.95975588086987e+000
5.62341325190339e+005	-2.70808781221331e-001,7.40984354487817e+000
5.75439937337147e+005	-8.38055159358586e-002,6.88756031916350e+000
5.88843655355579e+005	7.76175292547503e-002,6.39227224954215e+000
6.02559586074347e+005	2.15457843768590e-001,5.92332556562971e+000
6.16595001861471e+005	3.31627583293327e-001,5.48004667585012e+000
6.30957344480182e+005	4.27954627279911e-001,5.06174248344367e+000
6.45654229034644e+005	5.06183511692696e-001,4.66770100955901e+000
6.60693448007584e+005	5.67976279576160e-001,4.29719230672677e+000
6.76082975391970e+005	6.14913288999284e-001,3.94946964338414e+000
6.91830970918924e+005	6.48494014695956e-001,3.62377093771309e+000
7.07945784384125e+005	6.70137876256847e-001,3.31932041690628e+000
7.24435960074977e+005	6.81185122089016e-001,3.03533047614543e+000
7.41310241300904e+005	6.82897794573300e-001,2.77100371008729e+000
7.58577575029170e+005	6.76460797978808e-001,2.52553508853896e+000
7.76247116628678e+005	6.62983086772746e-001,2.29811424728076e+000
7.94328234724267e+005	6.43498988057052e-001,2.08792786467259e+000
8.12830516164085e+005	6.18969668016889e-001,1.89416209475366e+000
8.31763771102656e+005	5.90284748531429e-001,1.71600502801458e+000
8.51138038202361e+005	5.58264076526461e-001,1.55264915185714e+000
8.70963589956065e+005	5.23659645278130e-001,1.40329378394740e+000
8.91250938133729e+005	4.87157663761687e-001,1.26714745317144e+000
9.12010839355893e+005	4.49380767291908e-001,1.14343020468935e+000
9.33254300796974e+005	4.10890360173250e-001,1.03137580761083e+000
9.54992586021419e+005	3.72189078869324e-001,9.30233846036660e-001
9.77237220955793e+005	3.33723362342419e-001,8.39271676586823e-001
1.00000000000000e+006	2.95886114699851e-001,7.57776238013564e-001
