Freq.	V(out)
1.00000000000000e+000	7.45432573287781e+001,-7.23267155782776e+000
1.02329299228075e+000	7.45093501068497e+001,-7.39765459507356e+000
1.04712854805090e+000	7.44738791152655e+001,-7.56623475810703e+000
1.07151930523761e+000	7.44367739025909e+001,-7.73847868727129e+000
1.09647819614318e+000	7.43979610022911e+001,-7.91445340066807e+000
1.12201845430196e+000	7.43573638188422e+001,-8.09422622509845e+000
1.14815362149688e+000	7.43149025111205e+001,-8.27786472056485e+000
1.17489755493953e+000	7.42704938730657e+001,-8.46543659790294e+000
1.20226443461741e+000	7.42240512116724e+001,-8.65700962909417e+000
1.23026877081238e+000	7.41754842226146e+001,-8.85265154984361e+000
1.25892541179417e+000	7.41246988634828e+001,-9.05242995391150e+000
1.28824955169313e+000	7.40715972249848e+001,-9.25641217873764e+000
1.31825673855641e+000	7.40160774002111e+001,-9.46466518182357e+000
1.34896288259165e+000	7.39580333523135e+001,-9.67725540735794e+000
1.38038426460288e+000	7.38973547808998e+001,-9.89424864254232e+000
1.41253754462275e+000	7.38339269873831e+001,-1.01157098630208e+001
1.44543977074593e+000	7.37676307398576e+001,-1.03417030668839e+001
1.47910838816821e+000	7.36983421377489e+001,-1.05722910965944e+001
1.51356124843621e+000	7.36259324768913e+001,-1.08075354482751e+001
1.54881661891248e+000	7.35502681155157e+001,-1.10474960677137e+001
1.58489319246111e+000	7.34712103417266e+001,-1.12922311324504e+001
1.62181009735893e+000	7.33886152432578e+001,-1.15417968193446e+001
1.65958690743756e+000	7.33023335802070e+001,-1.17962470569701e+001
1.69824365246174e+000	7.32122106615209e+001,-1.20556332621874e+001
1.73780082874937e+000	7.31180862262854e+001,-1.23200040603129e+001
1.77827941003892e+000	7.30197943307058e+001,-1.25894049882347e+001
1.81970085860998e+000	7.29171632419398e+001,-1.28638781799049e+001
1.86208713666287e+000	7.28100153399350e+001,-1.31434620336255e+001
1.90546071796325e+000	7.26981670285926e+001,-1.34281908606080e+001
1.94984459975804e+000	7.25814286576339e+001,-1.37180945143001e+001
1.99526231496888e+000	7.24596044567234e+001,-1.40131980000598e+001
2.04173794466953e+000	7.23324924834079e+001,-1.43135210647742e+001
2.08929613085404e+000	7.21998845866878e+001,-1.46190777661442e+001
2.13796208950223e+000	7.20615663879849e+001,-1.49298760213805e+001
2.18776162394955e+000	7.19173172816173e+001,-1.52459171352446e+001
2.23872113856834e+000	7.17669104568205e+001,-1.55671953074039e+001
2.29086765276777e+000	7.16101129434956e+001,-1.58936971192118e+001
2.34422881531992e+000	7.14466856841932e+001,-1.62254010002574e+001
2.39883291901949e+000	7.12763836346185e+001,-1.65622766750510e+001
2.45470891568503e+000	7.10989558954601e+001,-1.69042845905807e+001
2.51188643150958e+000	7.09141458779966e+001,-1.72513753254705e+001
2.57039578276886e+000	7.07216915065465e+001,-1.76034889819449e+001
2.63026799189538e+000	7.05213254604105e+001,-1.79605545618154e+001
2.69153480392691e+000	7.03127754584421e+001,-1.83224893281832e+001
2.75422870333816e+000	7.00957645891771e+001,-1.86891981547244e+001
2.81838293126445e+000	6.98700116896015e+001,-1.90605728647954e+001
2.88403150312660e+000	6.96352317756285e+001,-1.94364915629515e+001
2.95120922666638e+000	6.93911365273661e+001,-1.98168179618393e+001
3.01995172040201e+000	6.91374348321396e+001,-2.02014007077908e+001
3.09029543251359e+000	6.88738333882171e+001,-2.05900727088945e+001
3.16227766016837e+000	6.86000373720594e+001,-2.09826504697528e+001
3.23593656929628e+000	6.83157511717030e+001,-2.13789334375669e+001
3.31131121482591e+000	6.80206791886795e+001,-2.17787033646446e+001
3.38844156139202e+000	6.77145267106532e+001,-2.21817236929580e+001
3.46736850452531e+000	6.73970008564937e+001,-2.25877389667430e+001
3.54813389233575e+000	6.70678115953059e+001,-2.29964742797662e+001
3.63078054770101e+000	6.67266728402466e+001,-2.34076347641779e+001
3.71535229097172e+000	6.63733036175747e+001,-2.38209051284382e+001
3.80189396320560e+000	6.60074293106776e+001,-2.42359492521544e+001
3.89045144994280e+000	6.56287829782547e+001,-2.46524098461574e+001
3.98107170553496e+000	6.52371067448513e+001,-2.50699081863099e+001
4.07380277804112e+000	6.48321532613249e+001,-2.54880439300226e+001
4.16869383470335e+000	6.44136872317565e+001,-2.59063950245302e+001
4.26579518801592e+000	6.39814870023561e+001,-2.63245177161581e+001
4.36515832240165e+000	6.35353462068857e+001,-2.67419466698678e+001
4.46683592150962e+000	6.30750754619625e+001,-2.71581952082567e+001
4.57088189614874e+000	6.26005041044225e+001,-2.75727556790052e+001
4.67735141287197e+000	6.21114819617778e+001,-2.79850999594751e+001
4.78630092322637e+000	6.16078811454639e+001,-2.83946801065989e+001
4.89778819368445e+000	6.10895978554121e+001,-2.88009291596491e+001
5.01187233627271e+000	6.05565541831770e+001,-2.92032621025839e+001
5.12861383991364e+000	6.00086998997049e+001,-2.96010769917703e+001
5.24807460249771e+000	5.94460142126296e+001,-2.99937562536294e+001
5.37031796370252e+000	5.88685074769519e+001,-3.03806681554756e+001
5.49540873857623e+000	5.82762228419552e+001,-3.07611684512101e+001
5.62341325190348e+000	5.76692378164594e+001,-3.11346022019086e+001
5.75439937337156e+000	5.70476657337757e+001,-3.15003057693683e+001
5.88843655355588e+000	5.64116570973587e+001,-3.18576089787428e+001
6.02559586074356e+000	5.57614007878514e+001,-3.22058374441748e+001
6.16595001861481e+000	5.50971251122629e+001,-3.25443150490576e+001
6.30957344480192e+000	5.44190986763732e+001,-3.28723665703267e+001
6.45654229034654e+000	5.37276310619127e+001,-3.31893204335541e+001
6.60693448007594e+000	5.30230732911938e+001,-3.34945115835926e+001
6.76082975391980e+000	5.23058180628375e+001,-3.37872844526998e+001
6.91830970918935e+000	5.15762997440931e+001,-3.40669960063279e+001
7.07945784384136e+000	5.08349941068820e+001,-3.43330188441475e+001
7.24435960074988e+000	5.00824177970975e+001,-3.45847443322935e+001
7.41310241300916e+000	4.93191275291078e+001,-3.48215857409251e+001
7.58577575029182e+000	4.85457190002222e+001,-3.50429813598184e+001
7.76247116628690e+000	4.77628255229120e+001,-3.52483975636219e+001
7.94328234724279e+000	4.69711163758058e+001,-3.54373317976971e+001
8.12830516164097e+000	4.61712948778258e+001,-3.56093154550975e+001
8.31763771102669e+000	4.53640961933261e+001,-3.57639166154147e+001
8.51138038202374e+000	4.45502848795702e+001,-3.59007426167805e+001
8.70963589956078e+000	4.37306521913341e+001,-3.60194424333053e+001
8.91250938133743e+000	4.29060131607973e+001,-3.61197088318040e+001
9.12010839355907e+000	4.20772034740351e+001,-3.62012802835607e+001
9.33254300796988e+000	4.12450761683828e+001,-3.62639426092591e+001
9.54992586021433e+000	4.04104981775764e+001,-3.63075303380460e+001
9.77237220955808e+000	3.95743467538376e+001,-3.63319277647435e+001
9.99999999999997e+000	3.87375057979363e+001,-3.63370696926893e+001
1.02329299228075e+001	3.79008621296744e+001,-3.63229418533624e+001
1.04712854805090e+001	3.70653017321305e+001,-3.62895809977671e+001
1.07151930523760e+001	3.62317060034273e+001,-3.62370746584474e+001
1.09647819614318e+001	3.54009480496562e+001,-3.61655605850363e+001
1.12201845430196e+001	3.45738890519653e+001,-3.60752258600419e+001
1.14815362149688e+001	3.37513747396820e+001,-3.59663057053983e+001
1.17489755493953e+001	3.29342319997273e+001,-3.58390819938917e+001
1.20226443461741e+001	3.21232656505333e+001,-3.56938814828067e+001
1.23026877081238e+001	3.13192554062375e+001,-3.55310737901429e+001
1.25892541179416e+001	3.05229530541344e+001,-3.53510691364319e+001
1.28824955169313e+001	2.97350798653322e+001,-3.51543158772259e+001
1.31825673855640e+001	2.89563242552837e+001,-3.49412978532312e+001
1.34896288259165e+001	2.81873397074533e+001,-3.47125315862633e+001
1.38038426460288e+001	2.74287429699128e+001,-3.44685633500474e+001
1.41253754462275e+001	2.66811125311559e+001,-3.42099661453054e+001
1.44543977074592e+001	2.59449873780098e+001,-3.39373366083901e+001
1.47910838816820e+001	2.52208660351848e+001,-3.36512918823648e+001
1.51356124843620e+001	2.45092058828925e+001,-3.33524664783793e+001
1.54881661891248e+001	2.38104227460042e+001,-3.30415091541088e+001
1.58489319246111e+001	2.31248907455797e+001,-3.27190798343140e+001
1.62181009735892e+001	2.24529424012006e+001,-3.23858465968831e+001
1.65958690743755e+001	2.17948689704707e+001,-3.20424827456088e+001
1.69824365246174e+001	2.11509210103050e+001,-3.16896639888019e+001
1.73780082874937e+001	2.05213091431950e+001,-3.13280657405066e+001
1.77827941003892e+001	1.99062050105684e+001,-3.09583605587322e+001
1.81970085860998e+001	1.93057423945708e+001,-3.05812157326918e+001
1.86208713666286e+001	1.87200184891501e+001,-3.01972910287052e+001
1.90546071796324e+001	1.81490953011434e+001,-2.98072366020694e+001
1.94984459975804e+001	1.75930011621665e+001,-2.94116910800002e+001
1.99526231496887e+001	1.70517323324284e+001,-2.90112798186368e+001
2.04173794466952e+001	1.65252546781536e+001,-2.86066133351434e+001
2.08929613085403e+001	1.60135054050197e+001,-2.81982859141191e+001
2.13796208950222e+001	1.55163948308938e+001,-2.77868743859339e+001
2.18776162394954e+001	1.50338081821827e+001,-2.73729370731031e+001
2.23872113856833e+001	1.45656073991941e+001,-2.69570128995953e+001
2.29086765276776e+001	1.41116329371057e+001,-2.65396206568474e+001
2.34422881531991e+001	1.36717055503462e+001,-2.61212584193629e+001
2.39883291901948e+001	1.32456280494415e+001,-2.57024031020552e+001
2.45470891568502e+001	1.28331870206293e+001,-2.52835101508998e+001
2.51188643150957e+001	1.24341544997750e+001,-2.48650133580691e+001
2.57039578276885e+001	1.20482895933031e+001,-2.44473247924569e+001
2.63026799189537e+001	1.16753400400441e+001,-2.40308348363348e+001
2.69153480392690e+001	1.13150437089610e+001,-2.36159123188882e+001
2.75422870333815e+001	1.09671300287694e+001,-2.32029047374499e+001
2.81838293126444e+001	1.06313213464288e+001,-2.27921385574133e+001
2.88403150312659e+001	1.03073342123645e+001,-2.23839195820672e+001
2.95120922666637e+001	9.99488059109287e+000,-2.19785333838930e+001
3.01995172040200e+001	9.69366899666445e+000,-2.15762457892420e+001
3.09029543251358e+001	9.40340555297696e+000,-2.11773034087042e+001
3.16227766016837e+001	9.12379497961902e+000,-2.07819342059117e+001
3.23593656929627e+001	8.85454150437955e+000,-2.03903480979986e+001
3.31131121482590e+001	8.59534970402370e+000,-2.00027375813765e+001
3.38844156139201e+001	8.34592527528279e+000,-1.96192783769924e+001
3.46736850452530e+001	8.10597573833483e+000,-1.92401300896807e+001
3.54813389233574e+001	7.87521107528286e+000,-1.88654368767153e+001
3.63078054770100e+001	7.65334430634990e+000,-1.84953281211110e+001
3.71535229097171e+001	7.44009200665194e+000,-1.81299191056659e+001
3.80189396320559e+001	7.23517476651570e+000,-1.77693116841790e+001
3.89045144994279e+001	7.03831759837591e+000,-1.74135949466569e+001
3.98107170553495e+001	6.84925029332020e+000,-1.70628458757369e+001
4.07380277804111e+001	6.66770773034599e+000,-1.67171299918935e+001
4.16869383470333e+001	6.49343014137842e+000,-1.63765019853403e+001
4.26579518801591e+001	6.32616333503878e+000,-1.60410063328635e+001
4.36515832240164e+001	6.16565888210387e+000,-1.57106778980933e+001
4.46683592150961e+001	6.01167426549751e+000,-1.53855425140065e+001
4.57088189614873e+001	5.86397299757678e+000,-1.50656175466809e+001
4.67735141287196e+001	5.72232470736089e+000,-1.47509124395553e+001
4.78630092322636e+001	5.58650520024462e+000,-1.44414292376400e+001
4.89778819368444e+001	5.45629649261766e+000,-1.41371630913070e+001
5.01187233627270e+001	5.33148682369153e+000,-1.38381027394481e+001
5.12861383991362e+001	5.21187064671344e+000,-1.35442309719274e+001
5.24807460249770e+001	5.09724860161879e+000,-1.32555250713857e+001
5.37031796370250e+001	4.98742747105410e+000,-1.29719572345576e+001
5.49540873857622e+001	4.88222012158101e+000,-1.26934949733592e+001
5.62341325190346e+001	4.78144543174601e+000,-1.24201014960848e+001
5.75439937337154e+001	4.68492820859325e+000,-1.21517360691204e+001
5.88843655355586e+001	4.59249909407780e+000,-1.18883543596364e+001
6.02559586074355e+001	4.50399446273119e+000,-1.16299087597717e+001
6.16595001861479e+001	4.41925631182684e+000,-1.13763486928606e+001
6.30957344480190e+001	4.33813214519215e+000,-1.11276209022791e+001
6.45654229034652e+001	4.26047485172102e+000,-1.08836697235138e+001
6.60693448007593e+001	4.18614257954850e+000,-1.06444373400703e+001
6.76082975391978e+001	4.11499860676766e+000,-1.04098640238513e+001
6.91830970918933e+001	4.04691120948586e+000,-1.01798883606332e+001
7.07945784384134e+001	3.98175352794428e+000,-9.95444746127760e+000
7.24435960074986e+001	3.91940343135383e+000,-9.73347715930763e+000
7.41310241300914e+001	3.85974338203617e+000,-9.51691219547162e+000
7.58577575029180e+001	3.80266029939530e+000,-9.30468638990842e+000
7.76247116628688e+001	3.74804542419058e+000,-9.09673280251898e+000
7.94328234724277e+001	3.69579418352924e+000,-8.89298388213001e+000
8.12830516164095e+001	3.64580605694666e+000,-8.69337160502525e+000
8.31763771102667e+001	3.59798444389877e+000,-8.49782760340124e+000
8.51138038202372e+001	3.55223653295049e+000,-8.30628328428583e+000
8.70963589956076e+001	3.50847317290498e+000,-8.11866993944129e+000
8.91250938133741e+001	3.46660874608423e+000,-7.93491884675343e+000
9.12010839355905e+001	3.42656104394097e+000,-7.75496136358961e+000
9.33254300796986e+001	3.38825114515071e+000,-7.57872901258923e+000
9.54992586021431e+001	3.35160329630977e+000,-7.40615356032921e+000
9.77237220955805e+001	3.31654479533776e+000,-7.23716708929062e+000
9.99999999999995e+001	3.28300587766466e+000,-7.07170206353040e+000
1.02329299228075e+002	3.25091960526050e+000,-6.90969138844376e+000
1.04712854805089e+002	3.22022175855113e+000,-6.75106846498636e+000
1.07151930523760e+002	3.19085073124431e+000,-6.59576723870529e+000
1.09647819614318e+002	3.16274742807995e+000,-6.44372224390949e+000
1.12201845430196e+002	3.13585516550280e+000,-6.29486864329635e+000
1.14815362149688e+002	3.11011957524742e+000,-6.14914226333035e+000
1.17489755493952e+002	3.08548851081264e+000,-6.00647962565757e+000
1.20226443461741e+002	3.06191195679697e+000,-5.86681797482182e+000
1.23026877081237e+002	3.03934194105690e+000,-5.73009530253377e+000
1.25892541179416e+002	3.01773244964344e+000,-5.59625036873155e+000
1.28824955169313e+002	2.99703934446829e+000,-5.46522271965524e+000
1.31825673855640e+002	2.97722028364376e+000,-5.33695270314767e+000
1.34896288259165e+002	2.95823464443827e+000,-5.21138148137780e+000
1.38038426460288e+002	2.94004344878501e+000,-5.08845104117466e+000
1.41253754462275e+002	2.92260929127749e+000,-4.96810420214575e+000
1.44543977074592e+002	2.90589626958564e+000,-4.85028462274475e+000
1.47910838816820e+002	2.88986991722171e+000,-4.73493680444140e+000
1.51356124843620e+002	2.87449713858498e+000,-4.62200609413958e+000
1.54881661891247e+002	2.85974614621342e+000,-4.51143868497594e+000
1.58489319246110e+002	2.84558640016845e+000,-4.40318161562731e+000
1.62181009735892e+002	2.83198854947997e+000,-4.29718276824389e+000
1.65958690743755e+002	2.81892437557712e+000,-4.19339086511805e+000
1.69824365246173e+002	2.80636673763117e+000,-4.09175546419135e+000
1.73780082874936e+002	2.79428951973698e+000,-3.99222695349545e+000
1.77827941003891e+002	2.78266757985951e+000,-3.89475654461541e+000
1.81970085860997e+002	2.77147670047227e+000,-3.79929626525814e+000
1.86208713666286e+002	2.76069354081596e+000,-3.70579895100272e+000
1.90546071796323e+002	2.75029559070522e+000,-3.61421823630299e+000
1.94984459975803e+002	2.74026112581293e+000,-3.52450854480883e+000
1.99526231496887e+002	2.73056916436212e+000,-3.43662507906631e+000
2.04173794466952e+002	2.72119942515644e+000,-3.35052380965316e+000
2.08929613085403e+002	2.71213228688078e+000,-3.26616146380037e+000
2.13796208950222e+002	2.70334874860537e+000,-3.18349551354818e+000
2.18776162394954e+002	2.69483039142644e+000,-3.10248416347887e+000
2.23872113856832e+002	2.68655934117893e+000,-3.02308633806659e+000
2.29086765276776e+002	2.67851823215618e+000,-2.94526166867984e+000
2.34422881531991e+002	2.67069017177388e+000,-2.86897048026975e+000
2.39883291901947e+002	2.66305870611497e+000,-2.79417377777260e+000
2.45470891568501e+002	2.65560778629462e+000,-2.72083323225439e+000
2.51188643150956e+002	2.64832173558408e+000,-2.64891116681969e+000
2.57039578276885e+002	2.64118521723335e+000,-2.57837054230649e+000
2.63026799189536e+002	2.63418320293369e+000,-2.50917494278452e+000
2.69153480392690e+002	2.62730094186063e+000,-2.44128856087329e+000
2.75422870333815e+002	2.62052393024078e+000,-2.37467618289269e+000
2.81838293126443e+002	2.61383788138364e+000,-2.30930317385731e+000
2.88403150312659e+002	2.60722869612235e+000,-2.24513546232307e+000
2.95120922666637e+002	2.60068243360695e+000,-2.18213952509308e+000
3.01995172040200e+002	2.59418528239333e+000,-2.12028237178671e+000
3.09029543251357e+002	2.58772353177301e+000,-2.05953152927479e+000
3.16227766016836e+002	2.58128354328759e+000,-1.99985502598145e+000
3.23593656929626e+002	2.57485172237257e+000,-1.94122137605053e+000
3.31131121482589e+002	2.56841449007519e+000,-1.88359956337414e+000
3.38844156139200e+002	2.56195825479132e+000,-1.82695902547724e+000
3.46736850452529e+002	2.55546938396530e+000,-1.77126963725161e+000
3.54813389233573e+002	2.54893417569799e+000,-1.71650169453000e+000
3.63078054770099e+002	2.54233883020627e+000,-1.66262589748922e+000
3.71535229097170e+002	2.53566942107876e+000,-1.60961333386992e+000
3.80189396320558e+002	2.52891186627074e+000,-1.55743546199756e+000
3.89045144994278e+002	2.52205189878117e+000,-1.50606409358808e+000
3.98107170553494e+002	2.51507503695492e+000,-1.45547137631978e+000
4.07380277804110e+002	2.50796655435052e+000,-1.40562977614949e+000
4.16869383470332e+002	2.50071144911641e+000,-1.35651205935134e+000
4.26579518801589e+002	2.49329441281410e+000,-1.30809127425156e+000
4.36515832240163e+002	2.48569979862870e+000,-1.26034073263260e+000
4.46683592150960e+002	2.47791158890446e+000,-1.21323399077610e+000
4.57088189614872e+002	2.46991336194307e+000,-1.16674483011264e+000
4.67735141287195e+002	2.46168825800027e+000,-1.12084723744261e+000
4.78630092322635e+002	2.45321894441597e+000,-1.07551538469076e+000
4.89778819368443e+002	2.44448757981152e+000,-1.03072360815358e+000
5.01187233627268e+002	2.43547577728570e+000,-9.86446387195570e-001
5.12861383991361e+002	2.42616456654083e+000,-9.42658322347394e-001
5.24807460249769e+002	2.41653435486736e+000,-8.99334112755572e-001
5.37031796370249e+002	2.40656488691502e+000,-8.56448532929625e-001
5.49540873857620e+002	2.39623520317624e+000,-8.13976408728693e-001
5.62341325190345e+002	2.38552359710543e+000,-7.71892592525965e-001
5.75439937337152e+002	2.37440757079708e+000,-7.30171937484574e-001
5.88843655355584e+002	2.36286378914222e+000,-6.88789270874180e-001
6.02559586074353e+002	2.35086803238239e+000,-6.47719366352852e-001
6.16595001861477e+002	2.33839514697746e+000,-6.06936915133498e-001
6.30957344480188e+002	2.32541899470115e+000,-5.66416495948342e-001
6.45654229034650e+002	2.31191239987743e+000,-5.26132543720082e-001
6.60693448007591e+002	2.29784709466789e+000,-4.86059316840968e-001
6.76082975391976e+002	2.28319366231801e+000,-4.46170862955430e-001
6.91830970918931e+002	2.26792147826940e+000,-4.06440983134357e-001
7.07945784384132e+002	2.25199864904123e+000,-3.66843194321956e-001
7.24435960074984e+002	2.23539194878378e+000,-3.27350689928071e-001
7.41310241300911e+002	2.21806675340384e+000,-2.87936298430425e-001
7.58577575029177e+002	2.19998697216057e+000,-2.48572439842389e-001
7.76247116628685e+002	2.18111497662800e+000,-2.09231079892252e-001
7.94328234724275e+002	2.16141152691918e+000,-1.69883681749965e-001
8.12830516164092e+002	2.14083569506514e+000,-1.30501155126373e-001
8.31763771102664e+002	2.11934478544038e+000,-9.10538025588110e-002
8.51138038202369e+002	2.09689425212536e+000,-5.15112626843340e-002
8.70963589956073e+002	2.07343761309623e+000,-1.18424502896182e-002
8.91250938133738e+002	2.04892636112982e+000,2.79845070879209e-002
9.12010839355902e+002	2.02330987131312e+000,6.80023362471330e-002
9.33254300796983e+002	1.99653530504560e+000,1.08244689353250e-001
9.54992586021428e+002	1.96854751042326e+000,1.48746219182725e-001
9.77237220955802e+002	1.93928891889402e+000,1.89542658871217e-001
9.99999999999991e+002	1.90869943807623e+000,2.30670906471831e-001
1.02329299228075e+003	1.87671634063286e+000,2.72169114650081e-001
1.04712854805089e+003	1.84327414909775e+000,3.14076785862572e-001
1.07151930523760e+003	1.80830451655307e+000,3.56434873388091e-001
1.09647819614318e+003	1.77173610306212e+000,3.99285888602727e-001
1.12201845430195e+003	1.73349444776587e+000,4.42674014914942e-001
1.14815362149687e+003	1.69350183655920e+000,4.86645228801828e-001
1.17489755493952e+003	1.65167716526933e+000,5.31247428415099e-001
1.20226443461740e+003	1.60793579826848e+000,5.76530570253224e-001
1.23026877081237e+003	1.56218942246281e+000,6.22546814426249e-001
1.25892541179416e+003	1.51434589661098e+000,6.69350679070951e-001
1.28824955169312e+003	1.46430909594115e+000,7.16999204506926e-001
1.31825673855640e+003	1.41197875204831e+000,7.65552127758721e-001
1.34896288259164e+003	1.35725028807398e+000,8.15072068104724e-001
1.38038426460287e+003	1.30001464918853e+000,8.65624724351921e-001
1.41253754462274e+003	1.24015812842022e+000,9.17279084574156e-001
1.44543977074591e+003	1.17756218789982e+000,9.70107649093070e-001
1.47910838816819e+003	1.11210327561850e+000,1.02418666752313e+000
1.51356124843619e+003	1.04365263782780e+000,1.07959639074676e+000
1.54881661891247e+003	9.72076127247114e-001,1.13642133873053e+000
1.58489319246110e+003	8.97234007281689e-001,1.19475058514200e+000
1.62181009735891e+003	8.18980752499080e-001,1.25467805977439e+000
1.65958690743754e+003	7.37164845659467e-001,1.31630286983678e+000
1.69824365246173e+003	6.51628571648162e-001,1.37972964121944e+000
1.73780082874936e+003	5.62207808716659e-001,1.44506888089492e+000
1.77827941003891e+003	4.68731817504202e-001,1.51243736167133e+000
1.81970085860997e+003	3.71023028378967e-001,1.58195853056481e+000
1.86208713666285e+003	2.68896827718284e-001,1.65376294211604e+000
1.90546071796323e+003	1.62161343827519e-001,1.72798871802850e+000
1.94984459975803e+003	5.06172332916631e-002,1.80478203455943e+000
1.99526231496886e+003	-6.59425313503786e-002,1.88429763915127e+000
2.04173794466951e+003	-1.87732871608748e-001,1.96669939784031e+000
2.08929613085402e+003	-3.14976809607838e-001,2.05216087503253e+000
2.13796208950221e+003	-4.47905669972766e-001,2.14086594728472e+000
2.18776162394953e+003	-5.86759275660236e-001,2.23300945277323e+000
2.23872113856832e+003	-7.31786136211594e-001,2.32879787817664e+000
2.29086765276775e+003	-8.83243626749109e-001,2.42845008473515e+000
2.34422881531990e+003	-1.04139815586853e+000,2.53219807527991e+000
2.39883291901947e+003	-1.20652532040361e+000,2.64028780405387e+000
2.45470891568501e+003	-1.37891004484403e+000,2.75298003115976e+000
2.51188643150955e+003	-1.55884670299023e+000,2.87055122348202e+000
2.57039578276884e+003	-1.74663921920900e+000,2.99329450392643e+000
2.63026799189535e+003	-1.94260114643044e+000,3.12152065080790e+000
2.69153480392689e+003	-2.14705571778474e+000,3.25555914918938e+000
2.75422870333814e+003	-2.36033586852945e+000,3.39575929593363e+000
2.81838293126442e+003	-2.58278422465252e+000,3.54249136016915e+000
2.88403150312658e+003	-2.81475305426519e+000,3.69614780079473e+000
2.95120922666635e+003	-3.05660417761501e+000,3.85714454254680e+000
3.01995172040198e+003	-3.30870883125622e+000,4.02592231203228e+000
3.09029543251356e+003	-3.57144748161631e+000,4.20294803498305e+000
3.16227766016835e+003	-3.84520958289035e+000,4.38871629581199e+000
3.23593656929625e+003	-4.13039327388544e+000,4.58375086034766e+000
3.31131121482588e+003	-4.42740500812584e+000,4.78860626238539e+000
3.38844156139199e+003	-4.73665911121965e+000,5.00386945442755e+000
3.46736850452528e+003	-5.05857725918171e+000,5.23016152267310e+000
3.54813389233572e+003	-5.39358787111039e+000,5.46813946597442e+000
3.63078054770097e+003	-5.74212540933008e+000,5.71849803809799e+000
3.71535229097168e+003	-6.10462957984612e+000,5.98197165219277e+000
3.80189396320557e+003	-6.48154442571097e+000,6.25933634590976e+000
3.89045144994276e+003	-6.87331730568791e+000,6.55141180510098e+000
3.98107170553493e+003	-7.28039775041554e+000,6.85906344347312e+000
4.07380277804108e+003	-7.70323618814153e+000,7.18320453498372e+000
4.16869383470331e+003	-8.14228253200374e+000,7.52479839511928e+000
4.26579518801588e+003	-8.59798462080895e+000,7.88486060653525e+000
4.36515832240161e+003	-9.07078650530127e+000,8.26446128382728e+000
4.46683592150958e+003	-9.56112657202178e+000,8.66472737146715e+000
4.57088189614870e+003	-1.00694354970669e+001,9.08684496818156e+000
4.67735141287193e+003	-1.05961340223484e+001,9.53206167028638e+000
4.78630092322633e+003	-1.11416305473601e+001,1.00016889257077e+001
4.89778819368441e+003	-1.17063185299725e+001,1.04971043896656e+001
5.01187233627267e+003	-1.22905736904165e+001,1.10197542722453e+001
5.12861383991359e+003	-1.28947510133948e+001,1.15711556673882e+001
5.24807460249767e+003	-1.35191815441643e+001,1.21528988521791e+001
5.37031796370247e+003	-1.41641689754900e+001,1.27666495447534e+001
5.49540873857618e+003	-1.48299860235871e+001,1.34141511086810e+001
5.62341325190343e+003	-1.55168705925059e+001,1.40972266913472e+001
5.75439937337150e+003	-1.62250217279434e+001,1.48177812837043e+001
5.88843655355582e+003	-1.69545953630997e+001,1.55778036887607e+001
6.02559586074351e+003	-1.77056998609953e+001,1.63793683864303e+001
6.16595001861475e+003	-1.84783913596014e+001,1.72246372829004e+001
6.30957344480186e+003	-1.92726689281288e+001,1.81158613334214e+001
6.45654229034648e+003	-2.00884695449745e+001,1.90553820286541e+001
6.60693448007588e+003	-2.09256629099993e+001,2.00456327361572e+001
6.76082975391974e+003	-2.17840461059913e+001,2.10891398905827e+001
6.91830970918928e+003	-2.26633381264121e+001,2.21885240285481e+001
7.07945784384129e+003	-2.35631742886365e+001,2.33465006670401e+001
7.24435960074981e+003	-2.44831005539390e+001,2.45658810276463e+001
7.41310241300908e+003	-2.54225677773437e+001,2.58495726129166e+001
7.58577575029174e+003	-2.63809259121208e+001,2.72005796457575e+001
7.76247116628682e+003	-2.73574181949793e+001,2.86220033879915e+001
7.94328234724272e+003	-2.83511753390440e+001,3.01170423600630e+001
8.12830516164089e+003	-2.93612097621468e+001,3.16889924904664e+001
8.31763771102661e+003	-3.03864098779210e+001,3.33412472306710e+001
8.51138038202366e+003	-3.14255344765733e+001,3.50772976791755e+001
8.70963589956070e+003	-3.24772072207227e+001,3.69007327669748e+001
8.91250938133734e+003	-3.35399112796650e+001,3.88152395659797e+001
9.12010839355898e+003	-3.46119841221983e+001,4.08246037918589e+001
9.33254300796979e+003	-3.56916124842373e+001,4.29327105834174e+001
9.54992586021424e+003	-3.67768275223573e+001,4.51435456519498e+001
9.77237220955798e+003	-3.78655001581905e+001,4.74611969059365e+001
9.99999999999987e+003	-3.89553366113290e+001,4.98898566691892e+001
1.02329299228074e+004	-4.00438741097607e+001,5.24338246239072e+001
1.04712854805089e+004	-4.11284767570080e+001,5.50975116242349e+001
1.07151930523759e+004	-4.22063315240032e+001,5.78854445410441e+001
1.09647819614317e+004	-4.32744443210280e+001,6.08022723146377e+001
1.12201845430195e+004	-4.43296360912305e+001,6.38527734090545e+001
1.14815362149687e+004	-4.53685388514688e+001,6.70418648804310e+001
1.17489755493951e+004	-4.63875915894502e+001,7.03746132918084e+001
1.20226443461740e+004	-4.73830359071733e+001,7.38562477291609e+001
1.23026877081237e+004	-4.83509112802853e+001,7.74921751979203e+001
1.25892541179415e+004	-4.92870497805040e+001,8.12879987075715e+001
1.28824955169312e+004	-5.01870700835330e+001,8.52495383831001e+001
1.31825673855639e+004	-5.10463705578288e+001,8.93828559790556e+001
1.34896288259164e+004	-5.18601211993841e+001,9.36942832144869e+001
1.38038426460287e+004	-5.26232541442847e+001,9.81904543964997e+001
1.41253754462274e+004	-5.33304524529126e+001,1.02878343859514e+002
1.44543977074591e+004	-5.39761368170366e+001,1.07765308816831e+002
1.47910838816819e+004	-5.45544497919781e+001,1.12859138304221e+002
1.51356124843619e+004	-5.50592370990029e+001,1.18168108995994e+002
1.54881661891246e+004	-5.54840254772745e+001,1.23701048792813e+002
1.58489319246109e+004	-5.58219964858817e+001,1.29467409226023e+002
1.62181009735891e+004	-5.60659555636702e+001,1.35477347897509e+002
1.65958690743754e+004	-5.62082955427161e+001,1.41741822385783e+002
1.69824365246172e+004	-5.62409536759472e+001,1.48272697306545e+002
1.73780082874935e+004	-5.61553610752433e+001,1.55082866527743e+002
1.77827941003890e+004	-5.59423832548122e+001,1.62186392922638e+002
1.81970085860996e+004	-5.55922502265531e+001,1.69598668511160e+002
1.86208713666284e+004	-5.50944742874289e+001,1.77336598415522e+002
1.90546071796322e+004	-5.44377532563053e+001,1.85418812765475e+002
1.94984459975802e+004	-5.36098564404382e+001,1.93865911566350e+002
1.99526231496885e+004	-5.25974900102433e+001,2.02700748637484e+002
2.04173794466950e+004	-5.13861377009832e+001,2.11948762094538e+002
2.08929613085401e+004	-4.99598717944998e+001,2.21638360566802e+002
2.13796208950220e+004	-4.83011280970766e+001,2.31801376512634e+002
2.18776162394952e+004	-4.63904370387317e+001,2.42473600756448e+002
2.23872113856831e+004	-4.42061009586273e+001,2.53695415903322e+002
2.29086765276774e+004	-4.17238049450027e+001,2.65512550843071e+002
2.34422881531989e+004	-3.89161450602632e+001,2.77976984464661e+002
2.39883291901946e+004	-3.57520530818615e+001,2.91148034433796e+002
2.45470891568500e+004	-3.21960905962962e+001,3.05093677091810e+002
2.51188643150954e+004	-2.82075767937796e+001,3.19892158102647e+002
2.57039578276883e+004	-2.37395027019072e+001,3.35633971715802e+002
2.63026799189534e+004	-1.87371685944314e+001,3.52424311253317e+002
2.69153480392688e+004	-1.31364589508746e+001,3.70386127365941e+002
2.75422870333813e+004	-6.86163772787191e+000,3.89663977683599e+002
2.81838293126441e+004	1.77498629821630e-001,4.10428917614166e+002
2.88403150312656e+004	8.08933897772056e+000,4.32884776177126e+002
2.95120922666634e+004	1.70053721464658e+001,4.57276296685213e+002
3.01995172040197e+004	2.70867714165722e+001,4.83899821464977e+002
3.09029543251354e+004	3.85333469456353e+001,5.13117497251623e+002
3.16227766016833e+004	5.15959172418717e+001,5.45376429921578e+002
3.23593656929623e+004	6.65937168244229e+001,5.81234918291852e+002
3.31131121482586e+004	8.39393887655551e+001,6.21399008510953e+002
3.38844156139197e+004	1.04175688739943e+002,6.66774417771720e+002
3.46736850452526e+004	1.28030787842795e+002,7.18541895086631e+002
3.54813389233570e+004	1.56504071306985e+002,7.78269286328697e+002
3.63078054770096e+004	1.91003809374990e+002,8.48082836131374e+002
3.71535229097167e+004	2.33576895354600e+002,9.30937414702686e+002
3.80189396320555e+004	2.87310357422211e+002,1.03105851973600e+003
3.89045144994275e+004	3.57072974005856e+002,1.15469617575845e+003
3.98107170553491e+004	4.50980479771359e+002,1.31147477322183e+003
4.07380277804107e+004	5.83543236834682e+002,1.51694835134889e+003
4.16869383470329e+004	7.83191606291887e+002,1.79774183753551e+003
4.26579518801586e+004	1.11299314935906e+003,2.20245882226960e+003
4.36515832240159e+004	1.73982621177887e+003,2.82400439550835e+003
4.46683592150956e+004	3.23603111814841e+003,3.80432905808547e+003
4.57088189614868e+004	8.17958217174067e+003,4.12345765156425e+003
4.67735141287191e+004	9.26849066812185e+003,-8.07522314290977e+003
4.78630092322631e+004	8.63905210202090e+002,-6.32347235090250e+003
4.89778819368439e+004	-3.47034003017585e+002,-3.87083388174089e+003
5.01187233627264e+004	-5.39364995503214e+002,-2.69671209269114e+003
5.12861383991357e+004	-5.54751239462543e+002,-2.04192841028484e+003
5.24807460249764e+004	-5.31111548132524e+002,-1.62927876548645e+003
5.37031796370244e+004	-4.99754718635996e+002,-1.34643156402752e+003
5.49540873857616e+004	-4.68963051881034e+002,-1.14063818579260e+003
5.62341325190340e+004	-4.40875133397238e+002,-9.84145234167250e+002
5.75439937337148e+004	-4.15803958792209e+002,-8.61039518167009e+002
5.88843655355580e+004	-3.93516928189986e+002,-7.61570690030532e+002
6.02559586074348e+004	-3.73647999740476e+002,-6.79442463413980e+002
6.16595001861472e+004	-3.55832837825865e+002,-6.10412645524023e+002
6.30957344480183e+004	-3.39749377366130e+002,-5.51521202440785e+002
6.45654229034645e+004	-3.25125324837955e+002,-5.00641291529009e+002
6.60693448007586e+004	-3.11734564190520e+002,-4.56206207391410e+002
6.76082975391971e+004	-2.99390515982685e+002,-4.17036897609443e+002
6.91830970918925e+004	-2.87939348779789e+002,-3.82229398979677e+002
7.07945784384127e+004	-2.77253986204445e+002,-3.51079270463548e+002
7.24435960074979e+004	-2.67229113074391e+002,-3.23029589756214e+002
7.41310241300906e+004	-2.57777119102616e+002,-2.97634373328589e+002
7.58577575029172e+004	-2.48824840082952e+002,-2.74532339154342e+002
7.76247116628679e+004	-2.40310948868156e+002,-2.53427756443663e+002
7.94328234724269e+004	-2.32183865214482e+002,-2.34076246623590e+002
8.12830516164086e+004	-2.24400076225073e+002,-2.16274104560967e+002
8.31763771102658e+004	-2.16922780729092e+002,-1.99850162724787e+002
8.51138038202363e+004	-2.09720789346017e+002,-1.84659519154949e+002
8.70963589956067e+004	-2.02767626860159e+002,-1.70578649757133e+002
8.91250938133731e+004	-1.96040795280277e+002,-1.57501561461448e+002
9.12010839355895e+004	-1.89521165102726e+002,-1.45336736888258e+002
9.33254300796976e+004	-1.83192469380623e+002,-1.34004687254433e+002
9.54992586021420e+004	-1.77040880679283e+002,-1.23435977264844e+002
9.77237220955795e+004	-1.71054655235039e+002,-1.13569619604161e+002
9.99999999999984e+004	-1.65223831922294e+002,-1.04351761330947e+002
1.02329299228074e+005	-1.59539976187987e+002,-9.57346026510383e+001
1.04712854805088e+005	-1.53995961109654e+002,-8.76755020748514e+001
1.07151930523759e+005	-1.48585779294422e+002,-8.01362321170625e+001
1.09647819614317e+005	-1.43304380568866e+002,-7.30823573916900e+001
1.12201845430195e+005	-1.38147531375992e+002,-6.64827128301012e+001
1.14815362149686e+005	-1.33111692568974e+002,-6.03089642731093e+001
1.17489755493951e+005	-1.28193912897559e+002,-5.45352371962976e+001
1.20226443461739e+005	-1.23391735973648e+002,-4.91378020650137e+001
1.23026877081236e+005	-1.18703118888590e+002,-4.40948069715196e+001
1.25892541179415e+005	-1.14126360967879e+002,-3.93860499084912e+001
1.28824955169311e+005	-1.09660041398166e+002,-3.49927843925860e+001
1.31825673855639e+005	-1.05302964662560e+002,-3.08975532380967e+001
1.34896288259163e+005	-1.01054112882314e+002,-2.70840461578927e+001
1.38038426460286e+005	-9.69126042935691e+001,-2.35369775807362e+001
1.41253754462273e+005	-9.28776571938162e+001,-2.02419816533562e+001
1.44543977074590e+005	-8.89485587788270e+001,-1.71855218728465e+001
1.47910838816818e+005	-8.51246383609299e+001,-1.43548131876578e+001
1.51356124843618e+005	-8.14052445171801e+001,-1.17377547320934e+001
1.54881661891246e+005	-7.77897257635832e+001,-9.32287163195303e+000
1.58489319246109e+005	-7.42774143913769e+001,-7.09926454768386e+000
1.62181009735890e+005	-7.08676131347859e+001,-5.05656581490660e+000
1.65958690743753e+005	-6.75595843685617e+001,-3.18490120589876e+000
1.69824365246172e+005	-6.43525415584023e+001,-1.47485647555261e+000
1.73780082874935e+005	-6.12456427093309e+001,8.25520251670544e-002
1.77827941003889e+005	-5.82379855770671e+001,1.49590328236788e+000
1.81970085860995e+005	-5.53286044249654e+001,2.77339462456384e+000
1.86208713666284e+005	-5.25164681262338e+001,3.92286224901631e+000
1.90546071796322e+005	-4.98004794261922e+001,4.95179965182308e+000
1.94984459975801e+005	-4.71794751943489e+001,5.86737428661290e+000
1.99526231496885e+005	-4.46522275099098e+001,6.67644272713194e+000
2.04173794466949e+005	-4.22174454378189e+001,7.38556456529655e+000
2.08929613085400e+005	-3.98737773652150e+001,8.00101523898125e+000
2.13796208950220e+005	-3.76198137806063e+001,8.52879795110234e+000
2.18776162394952e+005	-3.54540903900897e+001,8.97465481334854e+000
2.23872113856830e+005	-3.33750914761437e+001,9.34407732391752e+000
2.29086765276773e+005	-3.13812534158042e+001,9.64231626753838e+000
2.34422881531988e+005	-2.94709682852631e+001,9.87439110853084e+000
2.39883291901945e+005	-2.76425874880980e+001,1.00450989324547e+001
2.45470891568499e+005	-2.58944253537801e+001,1.01590229793684e+001
2.51188643150954e+005	-2.42247626620252e+001,1.02205408010710e+001
2.57039578276882e+005	-2.26318500570409e+001,1.02338320661250e+001
2.63026799189534e+005	-2.11139113235670e+001,1.02028860293944e+001
2.69153480392687e+005	-1.96691465039206e+001,1.01315086773498e+001
2.75422870333812e+005	-1.82957348420219e+001,1.00233295561153e+001
2.81838293126440e+005	-1.69918375465948e+001,9.88180828618000e+000
2.88403150312656e+005	-1.57556003712810e+001,9.71024076556842e+000
2.95120922666633e+005	-1.45851560145924e+001,9.51176506208206e+000
3.01995172040196e+005	-1.34786263469943e+001,9.28936699474791e+000
3.09029543251354e+005	-1.24341244764435e+001,9.04588540484835e+000
3.16227766016832e+005	-1.14497566670144e+001,8.78401711766013e+000
3.23593656929623e+005	-1.05236241281069e+001,8.50632159729685e+000
3.31131121482585e+005	-9.65382469397690e+000,8.21522529870471e+000
3.38844156139197e+005	-8.83845441506150e+000,7.91302572281389e+000
3.46736850452526e+005	-8.07560908375609e+000,7.60189518309146e+000
3.54813389233569e+005	-7.36338571796411e+000,7.28388429411094e+000
3.63078054770095e+005	-6.69988402586846e+000,6.96092519527849e+000
3.71535229097166e+005	-6.08320787502084e+000,6.63483452539087e+000
3.80189396320555e+005	-5.51146678798360e+000,6.30731616623555e+000
3.89045144994274e+005	-4.98277748544625e+000,5.97996377589047e+000
3.98107170553490e+005	-4.49526549596947e+000,5.65426313468904e+000
4.07380277804106e+005	-4.04706684934539e+000,5.33159432892598e+000
4.16869383470328e+005	-3.63632986800530e+000,5.01323379923770e+000
4.26579518801585e+005	-3.26121706802355e+000,4.70035628214472e+000
4.36515832240158e+005	-2.91990717808781e+000,4.39403667444562e+000
4.46683592150955e+005	-2.61059728139850e+000,4.09525185097569e+000
4.57088189614867e+005	-2.33150508185315e+000,3.80488246661755e+000
4.67735141287190e+005	-2.08087129216788e+000,3.52371477339545e+000
4.78630092322630e+005	-1.85696213780857e+000,3.25244248294137e+000
4.89778819368438e+005	-1.65807196684943e+000,2.99166870359246e+000
5.01187233627263e+005	-1.48252595219984e+000,2.74190797986934e+000
5.12861383991356e+005	-1.32868286911838e+000,2.50358846008839e+000
5.24807460249763e+005	-1.19493792762776e+000,2.27705421540068e+000
5.37031796370243e+005	-1.07972563643414e+000,2.06256773065923e+000
5.49540873857615e+005	-9.81522672294385e-001,1.86031258422174e+000
5.62341325190339e+005	-8.98850726521512e-001,1.67039633014475e+000
5.75439937337147e+005	-8.30279298531935e-001,1.49285359228184e+000
5.88843655355579e+005	-7.74428405056608e-001,1.32764937561174e+000
6.02559586074347e+005	-7.29971172895038e-001,1.17468259576834e+000
6.16595001861471e+005	-6.95636282918612e-001,1.03378982329399e+000
6.30957344480182e+005	-6.70210233434665e-001,9.04749234667822e-001
6.45654229034644e+005	-6.52539392018373e-001,7.87284757750246e-001
6.60693448007584e+005	-6.41531806486744e-001,6.81070395016148e-001
6.76082975391970e+005	-6.36158747824600e-001,5.85734703894286e-001
6.91830970918924e+005	-6.35455960530932e-001,5.00865409773860e-001
7.07945784384125e+005	-6.38524599008344e-001,4.26014123846919e-001
7.24435960074977e+005	-6.44531832210011e-001,3.60701134994816e-001
7.41310241300904e+005	-6.52711102731527e-001,3.04420242458512e-001
7.58577575029170e+005	-6.62362030821288e-001,2.56643594106666e-001
7.76247116628678e+005	-6.72849958305110e-001,2.16826493772738e-001
7.94328234724267e+005	-6.83605132102934e-001,1.84412140403199e-001
8.12830516164085e+005	-6.94121531764481e-001,1.58836261664708e-001
8.31763771102656e+005	-7.03955350188348e-001,1.39531605202674e-001
8.51138038202361e+005	-7.12723141316947e-001,1.25932251923886e-001
8.70963589956065e+005	-7.20099653037329e-001,1.17477717472221e-001
8.91250938133729e+005	-7.25815367675490e-001,1.13616810448691e-001
9.12010839355893e+005	-7.29653776270070e-001,1.13811218848538e-001
9.33254300796974e+005	-7.31448416177998e-001,1.17538799599396e-001
9.54992586021419e+005	-7.31079704431491e-001,1.24296549911247e-001
9.77237220955793e+005	-7.28471601581431e-001,1.33603243323078e-001
1.00000000000000e+006	-7.23588142479519e-001,1.45001717763508e-001
